0.0 0.0 0.0 0.0 0.0 0.0 0.0 0.0 -0.0 0.0 0.0 0.0 0.0 0.0 0.0 0.0 0.0 0.0 0.0 0.0 0.0 0.0 -7511691808760414399860984250032455680.0 0.0 
0.0 7.2 198783293236971569152.0 1.6 0.0 0.0 0.0 0.0 0.0 0.0 0.0 0.0 -nan -nan -0.0 0.0 -nan -nan -0.0 0.0 0.0 0.0 0.0 9.3 
0.0 0.0 31193284350856080130048.0 18971548367852955331859025231872.0 0.0 0.0 -5224319682937851215872.0 28496989107825348861493248.0 0.0 0.0 0.0 0.0 -0.0 0.0 0.0 0.0 0.0 0.0 -8315503983762733750432437765748555776.0 0.0 0.0 0.0 -4706619348768185641476261436737978368.0 0.0 
0.0 0.0 0.0 0.0 -0.0 0.0 -0.0 0.0 0.0 0.0 -0.0 107.7 -0.0 0.0 0.0 0.0 0.0 0.0 -8315503983762733750432437765748555776.0 0.0 0.3 -0.0 -0.0 -0.1 
0.0 0.0 0.0 0.0 0.0 0.0 0.0 0.0 0.0 0.0 -5224319682937851215872.0 28496989107825348861493248.0 0.0 0.0 -4706675125394595683569927291679014912.0 0.0 -0.0 0.0 0.0 0.0 -8318526062793677849325605906190172160.0 0.0 0.0 0.0 
0.0 0.0 0.0 0.0 -0.0 0.0 0.0 0.0 0.0 0.0 0.0 0.0 -0.0 0.0 0.0 0.0 0.0 0.0 -0.0 0.0 -0.0 0.0 -0.0 0.0 
-0.0 0.0 0.0 0.0 -0.0 0.0 -0.0 0.0 0.0 0.0 -0.0 0.0 -0.0 0.0 -0.0 0.0 -0.0 0.0 -0.0 0.0 -0.0 0.0 -0.0 0.0 
-0.0 0.0 -0.0 0.0 -0.0 0.0 -0.0 0.0 -0.0 0.0 -0.0 0.0 -0.0 0.0 -0.0 0.0 -0.0 0.0 -0.0 0.0 -0.0 0.0 -0.0 0.0 
-0.0 0.0 -0.0 0.0 -0.0 0.0 -0.0 0.0 -0.0 0.0 -0.0 0.0 -0.0 0.0 -0.0 0.0 -0.0 0.0 -0.0 0.0 -0.0 0.0 -0.0 0.0 
-0.0 0.0 -0.0 0.0 -0.0 0.0 -0.0 0.0 -0.0 0.0 -0.0 0.0 -0.0 0.0 -0.0 0.0 -0.0 0.0 -0.0 0.0 -0.0 0.0 -0.0 0.0 
-0.0 0.0 -0.0 0.0 -0.0 0.0 -0.0 0.0 -0.0 0.0 -0.0 0.0 -0.0 0.0 -0.0 0.0 -0.0 0.0 -0.0 0.0 -0.0 0.0 -0.0 0.0 
-0.0 0.0 -0.0 0.0 -0.0 0.0 -0.0 0.0 -0.0 0.0 -0.0 0.0 -0.0 0.0 -0.0 0.0 -0.0 0.0 -0.0 0.0 -0.0 0.0 -0.0 0.0 
-0.0 0.0 -0.0 0.0 -0.0 0.0 -0.0 0.0 -0.0 0.0 -0.0 0.0 -0.0 0.0 -0.0 0.0 -0.0 0.0 -0.0 0.0 -0.0 0.0 -0.0 0.0 
0.0 0.0 -0.0 0.0 -0.0 0.0 -0.0 0.0 -0.0 0.0 -0.0 0.0 -0.0 0.0 -0.0 0.0 -0.0 0.0 -0.0 0.0 -0.0 0.0 -0.0 0.0 
-0.0 0.0 -0.0 0.0 -0.0 0.0 -0.0 0.0 -0.0 0.0 -0.0 0.0 -0.0 0.0 -0.0 0.0 -0.0 0.0 -0.0 0.0 -0.0 0.0 -0.0 0.0 
-0.0 0.0 -0.0 0.0 -0.0 0.0 -0.0 0.0 -0.0 0.0 -0.0 0.0 -0.0 0.0 -0.0 0.0 -0.0 0.0 -0.0 0.0 -0.0 0.0 -0.0 0.0 
0.0 0.0 0.0 0.0 -0.0 0.0 0.0 0.0 0.0 0.0 0.0 0.0 0.0 0.0 0.0 0.0 0.0 0.0 0.0 0.0 0.0 0.0 0.0 0.0 
0.0 0.0 0.0 0.0 0.0 0.0 0.0 0.0 0.0 0.0 0.0 0.0 -8164886810046016445864205477698600960.0 0.0 0.0 0.0 0.0 0.0 0.0 0.0 0.0 0.0 0.0 0.0 
0.0 0.0 0.0 0.0 0.0 0.0 0.0 0.0 0.0 0.0 0.0 0.0 0.0 0.0 0.0 0.0 0.0 0.0 0.0 0.0 -0.0 0.0 0.0 0.0 
0.0 0.0 0.0 0.0 -0.0 0.0 0.0 0.0 -0.0 0.0 0.0 0.0 0.0 0.0 -0.0 -0.0 0.0 -0.0 0.0 0.0 0.0 0.0 0.0 0.0 
0.0 0.0 0.0 0.0 0.0 0.0 0.0 0.0 0.0 0.0 0.0 0.0 0.0 0.0 0.0 0.0 0.0 0.0 0.0 0.0 0.0 0.0 0.0 0.0 
0.0 0.0 0.0 0.0 0.0 0.0 0.0 0.0 0.0 0.0 0.0 0.0 0.0 0.0 0.0 0.0 0.0 0.0 0.0 0.0 0.0 0.0 0.0 0.0 
0.0 0.0 0.0 0.0 0.0 0.0 0.0 0.0 0.0 0.0 0.0 0.0 0.0 0.0 0.0 0.0 0.0 0.0 0.0 0.0 0.0 0.0 0.0 0.0 
0.0 0.0 0.0 0.0 0.0 0.0 0.0 0.0 0.0 0.0 0.0 0.0 0.0 0.0 0.0 0.0 0.0 0.0 0.0 0.0 0.0 0.0 0.0 0.0 
0.0 0.0 0.0 0.0 0.0 0.0 0.0 0.0 0.0 0.0 0.0 0.0 0.0 0.0 0.0 0.0 0.0 0.0 0.0 0.0 0.0 0.0 0.0 0.0 
0.0 0.0 0.0 0.0 0.0 0.0 0.0 0.0 0.0 0.0 0.0 0.0 0.0 0.0 0.0 0.0 0.0 0.0 0.0 0.0 0.0 0.0 0.0 0.0 
0.0 0.0 0.0 0.0 0.0 0.0 0.0 0.0 0.0 0.0 0.0 0.0 0.0 0.0 0.0 0.0 0.0 0.0 0.0 0.0 0.0 0.0 0.0 0.0 
0.0 0.0 0.0 0.0 0.0 0.0 0.0 0.0 0.0 0.0 0.0 0.0 0.0 0.0 0.0 0.0 0.0 0.0 0.0 0.0 0.0 0.0 0.0 0.0 
0.0 0.0 0.0 0.0 0.0 0.0 0.0 0.0 0.0 0.0 0.0 0.0 0.0 0.0 0.0 0.0 0.0 0.0 0.0 0.0 0.0 0.0 0.0 0.0 
0.0 0.0 0.0 0.0 0.0 0.0 0.0 0.0 0.0 0.0 0.0 0.0 0.0 0.0 0.0 0.0 0.0 0.0 0.0 0.0 0.0 0.0 0.0 0.0 
0.0 0.0 0.0 0.0 0.0 0.0 0.0 0.0 0.0 0.0 0.0 0.0 0.0 0.0 0.0 0.0 0.0 0.0 0.0 0.0 0.0 0.0 0.0 0.0 
0.0 0.0 0.0 0.0 0.0 0.0 0.0 0.0 0.0 0.0 0.0 0.0 0.0 0.0 0.0 0.0 0.0 0.0 0.0 0.0 0.0 0.0 0.0 0.0 
0.0 0.0 0.0 0.0 0.0 0.0 0.0 0.0 0.0 0.0 0.0 0.0 0.0 0.0 0.0 0.0 0.0 0.0 0.0 0.0 0.0 0.0 0.0 0.0 
0.0 0.0 0.0 0.0 0.0 0.0 0.0 0.0 0.0 0.0 0.0 0.0 0.0 0.0 0.0 0.0 0.0 0.0 0.0 0.0 0.0 0.0 0.0 0.0 
0.0 0.0 0.0 0.0 0.0 0.0 0.0 0.0 0.0 0.0 0.0 0.0 0.0 0.0 0.0 0.0 0.0 0.0 0.0 0.0 0.0 0.0 0.0 0.0 
0.0 0.0 0.0 0.0 0.0 0.0 0.0 0.0 0.0 0.0 0.0 0.0 0.0 0.0 0.0 0.0 0.0 0.0 0.0 0.0 0.0 0.0 0.0 0.0 
0.0 0.0 0.0 0.0 0.0 0.0 0.0 0.0 0.0 0.0 0.0 0.0 0.0 0.0 0.0 0.0 0.0 0.0 0.0 0.0 0.0 0.0 0.0 0.0 
0.0 0.0 0.0 0.0 0.0 0.0 0.0 0.0 0.0 0.0 0.0 0.0 0.0 0.0 0.0 0.0 0.0 0.0 0.0 0.0 0.0 0.0 0.0 0.0 
0.0 0.0 0.0 0.0 0.0 0.0 0.0 0.0 0.0 0.0 0.0 0.0 0.0 0.0 0.0 0.0 0.0 0.0 0.0 0.0 0.0 0.0 0.0 0.0 
0.0 0.0 0.0 0.0 0.0 0.0 0.0 0.0 0.0 0.0 0.0 0.0 0.0 0.0 0.0 0.0 0.0 0.0 0.0 0.0 0.0 0.0 0.0 0.0 
0.0 0.0 0.0 0.0 0.0 0.0 0.0 0.0 0.0 0.0 0.0 0.0 0.0 0.0 0.0 0.0 0.0 0.0 0.0 0.0 0.0 0.0 0.0 0.0 
0.0 0.0 0.0 0.0 0.0 0.0 0.0 0.0 0.0 0.0 0.0 0.0 0.0 0.0 0.0 0.0 0.0 0.0 0.0 0.0 0.0 0.0 0.0 0.0 
0.0 0.0 0.0 0.0 0.0 0.0 0.0 0.0 0.0 0.0 0.0 0.0 0.0 0.0 0.0 0.0 0.0 0.0 0.0 0.0 0.0 0.0 0.0 0.0 
0.0 0.0 0.0 0.0 0.0 0.0 0.0 0.0 0.0 0.0 0.0 0.0 0.0 0.0 0.0 0.0 0.0 0.0 0.0 0.0 0.0 0.0 0.0 0.0 
0.0 0.0 0.0 0.0 0.0 0.0 0.0 0.0 0.0 0.0 0.0 0.0 0.0 0.0 0.0 0.0 0.0 0.0 0.0 0.0 0.0 0.0 0.0 0.0 
0.0 0.0 0.0 0.0 0.0 0.0 0.0 0.0 0.0 0.0 0.0 0.0 0.0 0.0 0.0 0.0 0.0 0.0 0.0 0.0 0.0 0.0 0.0 0.0 
0.0 0.0 0.0 0.0 0.0 0.0 0.0 0.0 0.0 0.0 0.0 0.0 0.0 0.0 0.0 0.0 0.0 0.0 0.0 0.0 0.0 0.0 0.0 0.0 
0.0 0.0 0.0 0.0 0.0 0.0 0.0 0.0 0.0 0.0 0.0 0.0 0.0 0.0 0.0 0.0 0.0 0.0 0.0 0.0 0.0 0.0 0.0 0.0 
0.0 0.0 0.0 0.0 0.0 0.0 0.0 0.0 0.0 0.0 0.0 0.0 0.0 0.0 0.0 0.0 158456325028528675187087900672.0 3349706772560959700140556288.0 9700150042948386699608064.0 68706196363018203787520114688.0 72245921718116872271769370624.0 13778026496.0 205.4 72225162195058177311409963008.0 
4630052777418793851000193024.0 0.0 853204.9 12.2 17940379795964719817293824.0 17607675734864138750459933360128.0 0.0 279453634534152601600.0 18473925486279903212449770242048.0 71439580550144633799232230260736.0 8616252416.0 15585072647887650816.0 13926059135155044352.0 16240944527995568128.0 71833215697293083148288.0 4630440601766199520613367808.0 70373680122855598063616.0 17703913483660380920541593206784.0 17829583798992371712.0 16634184835281375461376.0 4801147040599197234837608988672.0 0.1 217056016.0 223.3 
12.8 0.0 13778026496.0 207631826944.0 0.0 262204865553509646336.0 0.0 293930327984341579491262332928.0 2154785024.0 14506179062155706368.0 13926059135155044352.0 72148021814845908189184.0 71555348103883950915584.0 17593405394015110561792.0 72250738531929399309887340544.0 4840301427813420940890698940416.0 301353189185173197059700817920.0 19367087135366108934497741307904.0 0.0 3379659630790708297728.0 0.0 0.0 3249897133252305485824.0 211242308092045557760.0 
0.0 1039401872443253456896.0 551419969536.0 53548320.0 17090019481811847693205504.0 260773864364098715648.0 551508180992.0 865588.3 234153200.0 49486.3 915501947136405243544207360.0 1089911485134751363781099520.0 69766950677456617472000.0 4624183874661098008929531592704.0 1090251864456399452427517952.0 4158384360708735238144.0 70366726565030938017792.0 55539222393289451247042841018368.0 0.0 0.0 18938210981094229533152160734248960.0 0.0 18969322329295527272758902784.0 202303542441017344000.0 
879223082556685096676811171954688.0 309873278108979059947563089133568.0 3354495547322494699740069888.0 17558755860410825827155968.0 0.0 0.0 3124.6 18017355753141300562493440.0 0.0 34419720192.0 193.4 907400118272.0 52758820.0 0.1 3271569664.0 3613094051840.0 0.1 72443192238023397867520.0 73173120598096464152316870656.0 864.0 3277801216.0 51526.3 216108875776.0 51721585416936833941504.0 
14229204675956375078562007602954240.0 14230452519515974741879105920172032.0 219815519416980646538867623591936.0 75570523597097327815853523075072.0 51718279774810343997440.0 14229204675956375078562007602954240.0 551490420736.0 14.0 3543702175744.0 13283359719424.0 3204.2 17891292244444699641497255936.0 0.0 4939799951776618669513835020288.0 0.0 14358698268987228160.0 14174814994432.0 3365.0 0.1 4631274099450426012993585152.0 2202069630976.0 14794963592167817216.0 53074.3 14790192811214897152.0 
903106396160.0 0.1 0.0 32819.2 3285.0 847255633920.0 13913631744.0 847507292160.0 869422272.0 0.0 18492488542240085843427383574528.0 0.0 4761534470499339584327305396224.0 71428390732758280791591149895680.0 33657236.0 13696181993472.0 0.0 15354077118464.0 33614156.0 773.5 847488745472.0 18162228142208663372335276883968.0 0.0 0.0 
834670080.0 14217106460097118208.0 51716428.0 3382.0 3377681152.0 3445575168.0 239928950205269862555291144421376.0 75570523597097327815853523075072.0 204.0 202696176.0 18162211217247188767526830997504.0 0.0 0.0 906241769472.0 13288435875840.0 958991171584.0 0.0 18990466725222576109203226624.0 71856044443804224192512.0 0.0 211789577467453386602315776.0 18320832363269933250904064.0 13896938377848015230158061436928.0 564744377335808.0 
804084.8 211834470400.0 14525209550076372987150336.0 1075629390795775148032.0 513.8 3493101568000.0 959125061632.0 865588.3 239973728817628388419922261180416.0 75570523597097327815853523075072.0 204.0 869488576.0 207585624064.0 18162235395763581060110325121024.0 0.0 0.0 3418808647680.0 3445574400.0 3269.3 266601047292892938240.0 214931635796164214784.0 799757384602777288704.0 1078644680787738935427072.0 228700113076224.0 
3310177143228315096580096.0 0.0 0.0 288307646940542523698348919095296.0 75550769749204824775138824159232.0 4836589118852839318352469950464.0 68118222665696984841584640.0 0.0 14358698268987228160.0 907401166848.0 14866181159322124288.0 13845828.0 0.1 18985713663357567811295641600.0 33674704.0 12.9 218214267343308062720.0 564692367966208.0 958973345792.0 865588.3 3836366028800.0 0.0 1205931175181703166096834560.0 0.0 
3630946844672.0 14145037870942912512.0 197.3 805.3 0.0 13.5 3360969984.0 3734581974925312.0 307005357894217110531957724282880.0 19425578593296523537857550221312.0 0.0 0.0 77778757170611966383405221806080.0 0.0 73167960749467001278844976802824192.0 17589380301848148180992.0 4617690721853756514762752.0 0.0 0.0 223.3 812260.9 200061.1 14646626279441301504.0 0.1 
3260428.2 3142.0 14363459154335498240.0 853237.2 3101904.8 211662716928.0 0.0 42028328.0 131357.2 0.0 4630804223985380483294822400.0 1088928495036551529194586112.0 914834653184.0 12.9 218214267343308062720.0 525910.8 3277802752.0 51526.3 12.5 0.0 14072622935625957376.0 3332.1 18162226933282843757706102177792.0 0.0 
0.0 12.8 55865162786495705120768.0 916429078528.0 13589.3 33611956.0 3277804288.0 903273512960.0 0.1 17244366848241089332117504.0 0.0 900426825157512028934373376.0 0.0 0.0 0.0 18151061212952061213147136.0 0.0 14752283618370855736992048611328.0 0.0 0.0 0.0 0.0 0.1 0.0 
0.0 0.1 0.0 0.0 0.1 0.0 0.0 0.1 14751351536563932857898350149632.0 0.0 0.0 0.0 0.0 0.1 0.0 4953518341482316160931922377179136.0 0.0 57624903680808023463095697408.0 0.0 0.0 0.0 0.0 0.1 0.0 
0.0 0.1 0.0 0.0 0.1 0.0 0.0 0.1 0.0 0.0 0.1 0.0 0.0 0.1 0.0 0.0 0.1 0.0 0.0 0.0 0.0 0.0 0.1 0.0 
0.0 273793735702454730752.0 0.0 0.0 306934615655929642565476079466708992.0 0.0 0.0 322511506231534125451067568454369280.0 0.0 0.0 77511705079269776169141010432.0 0.0 0.0 238136682280343176487447003104542720.0 0.0 0.0 289030853868898391103471878144.0 0.0 0.0 0.0 0.0 12851104853294816690176.0 0.0 0.0 
300089223186534689533056288613728256.0 0.0 0.0 314682496124524580667423929457967104.0 0.0 0.0 0.1 0.0 0.0 0.1 0.0 0.0 0.0 0.0 226079027455459801213423142846857216.0 0.0 0.0 55195075062368115530620884484096.0 0.1 0.0 0.0 0.0 0.0 0.0 
0.0 0.0 55195075062368115530620884484096.0 0.0 0.0 55195075062368115530620884484096.0 0.0 0.0 0.0 0.0 0.0 12851104853294816690176.0 0.0 0.0 3449692191398007220663805280256.0 0.0 0.0 52638125479095569162960896.0 0.0 0.0 3532484803991559393959736606982144.0 0.0 0.0 51404419413179266760704.0 
0.0 0.0 13798768765592028882655221121024.0 0.0 0.0 3449692191398007220663805280256.0 0.0 0.0 200798513332731510784.0 0.0 0.0 200798513332731510784.0 0.0 0.0 226079027455459801213423142846857216.0 0.0 0.0 3212776213323704172544.0 0.1 0.0 0.0 0.0 0.0 3449692191398007220663805280256.0 
0.0 0.0 261921086000427171840.0 0.0 0.0 18676417566642281602088960.0 0.0 0.0 4932283027533424569041371525021696.0 0.0 0.0 4628046883478649512682162755731456.0 0.0 0.0 18157536301102738996508242214912.0 0.0 0.0 289901204901157198194936905728.0 0.0 0.0 289901204901157198194936905728.0 0.0 0.0 3368840030662116426429497344.0 
0.1 0.0 0.0 70958197814892387368960.0 0.0 0.0 17467491747027652427382784.0 0.0 0.0 4374963821669908687433498624.0 0.0 0.0 1107636262241264730112.0 0.0 0.0 1134219532535055083634688.0 0.0 0.0 297328845136869479844331651072.0 0.0 0.0 1153108998466533664489472.0 0.0 0.0 
1144529750388683833344.0 0.0 0.0 307232365451152522043524644864.0 0.0 0.0 18449743975464538631831552.0 0.0 0.0 18449743975464538631831552.0 0.0 0.0 215605761962375451291487830016.0 0.0 0.0 13798768765592028882655221121024.0 0.0 0.0 13798768765592028882655221121024.0 0.1 0.0 0.0 0.1 0.0 
0.0 0.1 0.0 0.0 0.1 0.0 0.0 0.1 0.0 0.0 1083495814191154357862400.0 0.0 0.0 904729753868625982533367089856512.0 0.0 0.0 1193754090720662286074615420682240.0 0.0 0.0 1058223048604732358656.0 0.0 0.0 72954756119696412508160.0 0.0 
0.0 53901440490593862822871957504.0 0.0 0.0 3368840030662116426429497344.0 0.0 0.0 3368840030662116426429497344.0 0.0 0.0 3368840030662116426429497344.0 0.1 0.0 0.0 0.1 0.0 0.0 0.0 0.0 13475360122648465705717989376.0 0.0 0.0 3532484803991559393959736606982144.0 0.0 
0.0 200798513332731510784.0 0.0 0.0 3449692191398007220663805280256.0 0.0 0.0 4684448831491253756158279680.0 0.0 0.0 205617677652717067042816.0 0.0 0.0 200798513332731510784.0 0.0 0.0 205617677652717067042816.0 0.0 0.0 205617677652717067042816.0 0.0 0.0 822470710610868268171264.0 0.0 
0.0 1103412361974394205256024064.0 0.0 0.0 268548528887395088596992.0 0.0 0.0 18260022581358957166592.0 0.0 0.0 1244697799217334255147264180748288.0 0.0 0.0 4475683634608173197962510336.0 0.0 0.0 280266823060219081261056.0 0.0 0.0 1173511295198267747819464941371392.0 0.0 0.0 18776180723172283965111439061942272.0 0.0 
0.0 4157519951055256813568.0 0.0 0.0 0.1 0.0 0.0 4158328347188369817600.0 0.0 0.0 208017572429173882880.0 0.0 0.0 17223834379093553446912.0 0.0 0.0 17223834379093553446912.0 0.0 0.0 286733422870130213886361600.0 0.0 0.0 293615025019013339019634278400.0 0.0 
0.0 293615025019013339019634278400.0 0.0 0.0 1129497166052185438420992.0 0.0 0.0 279214908569529876480.0 0.0 0.0 1143246137117818770858731152343040.0 0.0 0.0 266825576363377819648.0 0.0 0.0 304786679201621001568336564191232.0 0.0 0.0 301042665254725620669029023744.0 0.0 0.0 19662871388873761410785577271296.0 0.0 
0.0 864.0 13425873780736.0 827626624.0 3142.0 3561706240.0 16498607339065405397413134336.0 0.0 56952156.0 14145314947873112064.0 14179176448.0 0.1 1205931175181703166096834560.0 0.0 843058176.0 12.2 869422336.0 0.0 3272221476605181034496.0 4246525997865863479296.0 0.0 0.0 270813803471165429121024.0 0.0 
53830341899257540247552.0 854069599840214450176.0 810762240.0 211825999872.0 0.0 0.0 215029383168.0 14217106460097118208.0 13845828.0 0.1 67422142524266913988608.0 1172453581314877302794878976.0 17440017000383572757819949056.0 4544198622352300009815327899648.0 18174253327336370088736079216640.0 296430632142361741846105817088.0 868774576128.0 49.3 3745993984.0 14316288868352.0 77085694505336734853096267579392.0 4801148551756471753124077371392.0 3460759552.0 958940381184.0 
14316278784.0 864435503104.0 3400536061640704.0 0.0 907400708096.0 890337689600.0 222142247063630632599607322869760.0 809106787060454260736.0 848333662615214024200028160.0 301377443259429215557518360576.0 0.0 0.0 864.0 3382.0 3377681152.0 51215672.0 0.1 4544745359054220725859588767744.0 211879460864.0 78670223905699072395350254813184.0 0.0 3361140547647984107520.0 4742272353183964794029418217472.0 14072622935625957376.0 
827396672.0 812181.2 869396.2 55873237740627580420096.0 847709929472.0 13589.3 33611956.0 3545449728.0 0.1 221999709873794789361392765894656.0 809106787060454260736.0 848333662615214024200028160.0 301377443259429215557518360576.0 0.0 8827001896960.0 0.1 0.0 14179176448.0 0.1 550564921344.0 56176928.0 33604852.0 3398.0 213269.2 
0.0 3575.2 3662420901888.0 0.0 914757.1 3445574912.0 3269.3 287010150379679648331787069816832.0 204.0 12.3 3365.3 3543703748608.0 17538491394073559040.0 11979541446656.0 0.0 50264.0 894736320.0 3284.6 216108875776.0 307005357894217110531957724282880.0 19425578593296523537857550221312.0 0.0 0.0 3835627044864.0 
0.0 3575.2 3662420901888.0 0.0 229039570944.0 14718130819130458112.0 3365.3 0.0 0.0 563778211020800.0 893.1 13930831015619592192.0 903172325376.0 19425519355931362421027989618688.0 4593641067498033838555136.0 0.0 18985713663357567811295641600.0 0.0 0.0 262214981060485185536.0 4593639338115776928284672.0 0.0 19425515729153903577140465500160.0 4593641067498033838555136.0 
0.0 283831379662561345536.0 17845659223910735090286592.0 18815534923006015124140982272.0 0.0 294247777855532094575345664.0 0.0 14646909953441267712.0 12796226.0 0.0 0.0 217349.2 19425519355931362421027989618688.0 73095820181138370929813880832.0 0.0 18057256272710291170298691584.0 19425515729153903577140465500160.0 73095820181138370929813880832.0 0.0 0.0 4822177514157213323960797626368.0 17110073398462979189506048.0 222128184838496875233047140630528.0 809106787060454260736.0 
0.0 18057256272710291170298691584.0 17090016023047333872664576.0 222128184838496875233047140630528.0 828525349949905162993664.0 18177100347641562540442512261120.0 19425515729153903577140465500160.0 73095820181138370929813880832.0 0.0 70062350784215103045632.0 13883017597035152775211319820288.0 0.0 0.0 274914058886321274880.0 17090078280808582642401280.0 796.0 847506112512.0 869422272.0 287069571501565346584982227779584.0 0.0 51538.3 50673956.0 50264.4 228989583360.0 
3543705059328.0 847255633920.0 13913631744.0 287069571501565346584982227779584.0 0.0 217375856.0 49.0 959175786496.0 865588.3 55.8 14.0 3364.3 239998564989666551361687424860160.0 0.0 4616219305783502026309632.0 307005357894217110531957724282880.0 19425578593296523537857550221312.0 0.0 0.0 0.0 14936547704476532736.0 894456576.0 789.1 847255633920.0 
13913631744.0 52763004.0 853492.3 0.0 32823.2 58539300.0 206.3 14142789369664110592.0 13845828.0 15010308442025885696.0 3268.6 19425519355931362421027989618688.0 4593641067498033838555136.0 0.0 1162691564351070208079691776.0 71428410075571394625657945194496.0 18890782451696141185955255025664.0 17663675059000972410880.0 67347211633666723676160.0 75644240531252492099739713536.0 204.0 223667696.0 201.3 17538491394073559040.0 
11979541446656.0 0.0 211879460864.0 223738019840.0 13.1 19509099651396239423650475802624.0 67422142524266913988608.0 0.0 0.0 0.0 4623738989959479825393239719936.0 2154722560.0 228991751421952.0 3310177143228315096580096.0 0.0 0.0 288307646940542523698348919095296.0 75550769749204824775138824159232.0 3488.0 827839680.0 3268.1 933406638080.0 0.1 13488931840.0 
14435234173885087744.0 55.8 3492026777600.0 3124.1 131269.0 936530304.0 12.1 227948937216.0 0.0 217056016.0 234132736.0 69094053766989253488211394560.0 16533965476309499904.0 262214981060485185536.0 263295844971054104576.0 18524791805163558959858057216.0 18319644854120188198518784.0 0.0 0.0 0.0 4505270462832250454016.0 0.0 0.0 0.0 
0.0 0.0 0.0 217056144.0 234132736.0 69094053766989253488211394560.0 16533965476309499904.0 17324899165750165504.0 0.1 0.0 0.0 0.0 281574444976572467575435296768.0 0.0 0.0 0.0 0.0 0.0 0.0 13778026496.0 205.4 293852408937374230345236348928.0 1213763766659408896156748958662656.0 308605550137498375209799204732928.0 
4505125535399445387574236938240.0 0.1 217056000.0 234132736.0 69094053766989253488211394560.0 16533965476309499904.0 17325454419122192384.0 0.1 217056000.0 15344122986496.0 3428.6 14218798608492265472.0 3492.6 2150907136.0 14506179062155706368.0 13926059135155044352.0 72148021814845908189184.0 4747328616950188978942771200.0 17666899636334169686016.0 0.0 13778026496.0 205.4 4597168719071754638589952.0 17106198606404124672.0 
3544778801152.0 14217099863027351552.0 211884982272.0 17557566045418071561076736.0 3664588856976414414638940160.0 0.0 853204.9 12.2 76830732049980009560150735060992.0 70058937131502145137564188672.0 16460222330946191360.0 1080560166481001338523090944.0 4398783131118051786752.0 0.0 853204.9 12.2 19283816324911053276943979905024.0 18388375116695820774146048.0 69774151933260782895104.0 0.0 853204.9 12.2 76830732049980009560150735060992.0 18172772393207342167997064151040.0 
302173484492755132978358489448448.0 4761072963067701699639861313536.0 0.1 217056048.0 223.3 14793567212400541696.0 55131484.0 865780.2 0.0 13778026496.0 3277801728.0 245523097321472.0 817.3 207.3 959057035264.0 0.0 217056048.0 234132736.0 69094053766989253488211394560.0 16533965476309499904.0 17740422026150899875840.0 1030467012257527103488.0 0.1 293953618695835092581456281600.0 
13778026496.0 205.4 4741252624255119854320553558016.0 70797113848271913729143078912000.0 17702676752546915154895868788736.0 18394619339564771457368064.0 16486326030015267864576.0 0.0 0.0 18166186390170998438625280.0 69766946173856990101504.0 4624183874661098008929531592704.0 1090251864456399452427517952.0 4158384360708735238144.0 70366726565030938017792.0 0.0 217056000.0 234132736.0 69094053766989253488211394560.0 16533965476309499904.0 267327512956422399721472.0 17701731372555976514881248559104.0 18394619339564771457368064.0 16486326030015267864576.0 
0.0 0.0 18166186390170998438625280.0 69766946173856990101504.0 4624183874661098008929531592704.0 1090251864456399452427517952.0 4158384360708735238144.0 70366726565030938017792.0 0.0 18147814585995088332062720.0 0.0 2150708224.0 14506179062155706368.0 14795817912702599168.0 15010569026281668608.0 0.1 217056016.0 14290.3 3630474461184.0 810850240.0 0.0 13778026496.0 12976989184.0 3356470804480.0 
14181805850624.0 223738019840.0 0.1 217056048.0 234132736.0 16868665470456360714895360.0 18467236100532433714151424.0 4531564003211815723472006087180288.0 0.1 4630804223985380483294822400.0 1088928495036551529194586112.0 60716358397520290875434860544.0 70085391199908730503168.0 0.0 1039691158350567833600.0 1028281925632.0 217056320.0 234132736.0 69094053766989253488211394560.0 16533965476309499904.0 18985400806578077697300234240.0 0.0 840960.0 12.9 
14178137088.0 0.0 0.0 0.0 8604932096.0 15585072647887650816.0 13517138.0 8602579968.0 15585072647887650816.0 57798796771328.0 15346527371264.0 0.0 0.0 0.0 0.0 4505270462832250454016.0 0.0 0.0 0.0 0.0 0.0 840960.0 3382.0 211889192960.0 
861525.9 0.0 0.0 0.0 59322309124906231864934178750464.0 0.0 0.0 0.0 0.0 0.0 218104656.0 959258886144.0 3429.1 229106810880.0 0.0 0.0 0.0 0.0 0.0 0.0 0.0 0.0 0.0 8603886592.0 
15585072647887650816.0 57798796771328.0 15346527371264.0 0.0 0.0 0.0 0.0 281574444976572467575435296768.0 0.0 0.0 0.0 0.0 0.0 885335567368192.0 211876823040.0 15151611079357890560.0 0.0 0.0 0.0 0.0 59322309124906231864934178750464.0 0.0 0.0 0.0 
0.0 0.0 218104656.0 959258886144.0 228989157376.0 15660222068622884864.0 3141.0 71441814645059281633947087273984.0 0.0 885335567368192.0 212879261696.0 55.8 3172.4 3736093803413504.0 12701745152.0 15585072647887650816.0 3527819776.0 13357163741184.0 211821887488.0 869504960.0 847255633920.0 218104880.0 57176.3 234173504.0 
55906620.0 18082983054732924429933287047168.0 12705539506138947518464.0 0.0 4597327534009014231760896.0 840960.0 3382.0 211889192960.0 13779434496.0 0.1 293953618695835092581456281600.0 293929440179442799997962158080.0 1088909900718525229966557184.0 18600632577379959729815552.0 282990191694661550080.0 273446958531147202560.0 18059050771973781635479896064.0 0.0 216872527326672267880771354624.0 0.0 0.0 885335567368192.0 933406638080.0 14791320910144995328.0 
833.2 0.0 0.0 885335567368192.0 3629540704256.0 14218513834980671488.0 55.8 14218779916794593280.0 217349.2 4723215623392846211775987712.0 4626516610366840024793612288.0 201083190087302250496.0 879223082556685096676811171954688.0 309873278108979059947563089133568.0 3354495547322494699740069888.0 17558755860410825827155968.0 0.0 0.0 0.0 0.0 17940324455732498688638976.0 18093567200283650508357839618048.0 17469309022942265344.0 0.0 
0.0 218104592.0 893.4 222618238976.0 847706914816.0 12.1 14983449600.0 0.0 293953618695835092581456281600.0 293929440179442799997962158080.0 1088909900718525229966557184.0 18600632577379959729815552.0 282990191694661550080.0 273446958531147202560.0 18059050771973781635479896064.0 0.0 216872527326672267880771354624.0 0.0 0.0 18937887878743976048900412062826496.0 77134027359604927727501020495872.0 16487478951519874711552.0 12840170456447188992.0 0.0 
840960.0 3361691648.0 12.9 218214267343308062720.0 879223082556685096676811171954688.0 309873278108979059947563089133568.0 3354495547322494699740069888.0 17558755860410825827155968.0 8616523776.0 15585072647887 0.0 0.1 0.0 0.0 273793735702454730752.0 0.0 0.0 306934615655929642565476079466708992.0 0.0 0.0 322511506231534125451067568454369280.0 
0.0 0.0 77511705079269776169141010432.0 0.0 0.0 238136682280343176487447003104542720.0 0.0 0.0 289030853868898391103471878144.0 0.0 0.0 0.0 0.0 12851104853294816690176.0 0.0 0.0 300089223186534689533056288613728256.0 0.0 0.0 314682496124524580667423929457967104.0 0.0 0.0 0.1 0.0 
0.0 0.1 0.0 0.0 0.0 0.0 226079027455459801213423142846857216.0 0.0 0.0 55195075062368115530620884484096.0 0.1 0.0 0.0 0.0 0.0 0.0 0.0 0.0 55195075062368115530620884484096.0 0.0 0.0 55195075062368115530620884484096.0 0.0 0.0 
0.0 0.0 0.0 12851104853294816690176.0 0.0 0.0 3449692191398007220663805280256.0 0.0 0.0 52638125479095569162960896.0 0.0 0.0 3532484803991559393959736606982144.0 0.0 0.0 51404419413179266760704.0 0.0 0.0 13798768765592028882655221121024.0 0.0 0.0 3449692191398007220663805280256.0 0.0 0.0 
200798513332731510784.0 0.0 0.0 200798513332731510784.0 0.0 0.0 226079027455459801213423142846857216.0 0.0 0.0 3212776213323704172544.0 0.1 0.0 0.0 0.0 0.0 3449692191398007220663805280256.0 0.0 0.0 261921086000427171840.0 0.0 0.0 18676417566642281602088960.0 0.0 0.0 
4932283027533424569041371525021696.0 0.0 0.0 4628046883478649512682162755731456.0 0.0 0.0 18157536301102738996508242214912.0 0.0 0.0 289901204901157198194936905728.0 0.0 0.0 289901204901157198194936905728.0 0.0 0.0 3368840030662116426429497344.0 0.1 0.0 0.0 70958197814892387368960.0 0.0 0.0 17467491747027652427382784.0 0.0 
0.0 4374963821669908687433498624.0 0.0 0.0 1107636262241264730112.0 0.0 0.0 1134219532535055083634688.0 0.0 0.0 297328845136869479844331651072.0 0.0 0.0 1153108998466533664489472.0 0.0 0.0 1144529750388683833344.0 0.0 0.0 307232365451152522043524644864.0 0.0 0.0 18449743975464538631831552.0 0.0 
0.0 18449743975464538631831552.0 0.0 0.0 215605761962375451291487830016.0 0.0 0.0 13798768765592028882655221121024.0 0.0 0.0 13798768765592028882655221121024.0 0.1 0.0 0.0 0.1 0.0 0.0 0.1 0.0 0.0 0.1 0.0 0.0 0.1 
0.0 0.0 1083495814191154357862400.0 0.0 0.0 904729753868625982533367089856512.0 0.0 0.0 1193754090720662286074615420682240.0 0.0 0.0 1058223048604732358656.0 0.0 0.0 72954756119696412508160.0 0.0 0.0 53901440490593862822871957504.0 0.0 0.0 3368840030662116426429497344.0 0.0 0.0 3368840030662116426429497344.0 
0.0 0.0 3368840030662116426429497344.0 0.1 0.0 0.0 0.1 0.0 0.0 0.0 0.0 13475360122648465705717989376.0 0.0 0.0 3532484803991559393959736606982144.0 0.0 0.0 200798513332731510784.0 0.0 0.0 3449692191398007220663805280256.0 0.0 0.0 4684448831491253756158279680.0 
0.0 0.0 205617677652717067042816.0 0.0 0.0 200798513332731510784.0 0.0 0.0 205617677652717067042816.0 0.0 0.0 205617677652717067042816.0 0.0 0.0 822470710610868268171264.0 0.0 0.0 1103412361974394205256024064.0 0.0 0.0 268548528887395088596992.0 0.0 0.0 18260022581358957166592.0 
0.0 0.0 1244697799217334255147264180748288.0 0.0 0.0 4475683634608173197962510336.0 0.0 0.0 280266823060219081261056.0 0.0 0.0 1173511295198267747819464941371392.0 0.0 0.0 18776180723172283965111439061942272.0 0.0 0.0 4157519951055256813568.0 0.0 0.0 0.1 0.0 0.0 4158328347188369817600.0 
0.0 0.0 208017572429173882880.0 0.0 0.0 17223834379093553446912.0 0.0 0.0 17223834379093553446912.0 0.0 0.0 286733422870130213886361600.0 0.0 0.0 293615025019013339019634278400.0 0.0 0.0 293615025019013339019634278400.0 0.0 0.0 1129497166052185438420992.0 0.0 0.0 279214908569529876480.0 
0.0 0.0 1143246137117818770858731152343040.0 0.0 0.0 266825576363377819648.0 0.0 0.0 304786679201621001568336564191232.0 0.0 0.0 301042665254725620669029023744.0 0.0 0.0 19662871388873761410785577271296.0 0.0 0.0 864.0 13425873780736.0 827626624.0 3142.0 3561706240.0 16498607339065405397413134336.0 0.0 
56952156.0 14145314947873112064.0 14179176448.0 0.1 1205931175181703166096834560.0 0.0 843058176.0 12.2 869422336.0 0.0 3272221476605181034496.0 4246525997865863479296.0 0.0 0.0 270813803471165429121024.0 0.0 53830341899257540247552.0 854069599840214450176.0 810762240.0 211825999872.0 0.0 0.0 215029383168.0 14217106460097865553509646336.0 0.0 293930327984341579491262332928.0 2154785024.0 14506179062155706368.0 13926059135155044352.0 72148021814845908189184.0 71555348103883950915584.0 17593405394015110561792.0 72250738531929399309887340544.0 4840301427813420940890698940416.0 301353189185173197059700817920.0 19367087135366108934497741307904.0 0.0 3379659630790708297728.0 
0.0 0.0 3249897133252305485824.0 211242308092045557760.0 0.0 1039401872443253456896.0 551419969536.0 53548320.0 17090019481811847693205504.0 260773864364098715648.0 551508180992.0 865588.3 234153200.0 49486.3 915501947136405243544207360.0 1089911485134751363781099520.0 69766950677456617472000.0 4624183874661098008929531592704.0 1090251864456399452427517952.0 4158384360708735238144.0 70366726565030938017792.0 55539222393289451247042841018368.0 0.0 0.0 
18938210981094229533152160734248960.0 0.0 18969322329295527272758902784.0 202303542441017344000.0 879223082556685096676811171954688.0 309873278108979059947563089133568.0 3354495547322494699740069888.0 17558755860410825827155968.0 0.0 0.0 3124.6 18017355753141300562493440.0 0.0 34419720192.0 193.4 907400118272.0 52758820.0 0.1 3271569664.0 3613094051840.0 0.1 72443192238023397867520.0 73173120598096464152316870656.0 864.0 
3277801216.0 51526.3 216108875776.0 51721585416936833941504.0 14229204675956375078562007602954240.0 14230452519515974741879105920172032.0 219815519416980646538867623591936.0 75570523597097327815853523075072.0 51718279774810343997440.0 14229204675956375078562007602954240.0 551490420736.0 14.0 3543702175744.0 13283359719424.0 3204.2 17891292244444699641497255936.0 0.0 4939799951776618669513835020288.0 0.0 14358698268987228160.0 14174814994432.0 3365.0 0.1 4631274099450426012993585152.0 
2202069630976.0 14794963592167817216.0 53074.3 14790192811214897152.0 903106396160.0 0.1 0.0 32819.2 3285.0 847255633920.0 13913631744.0 847507292160.0 869422272.0 0.0 18492488542240085843427383574528.0 0.0 4761534470499339584327305396224.0 71428390732758280791591149895680.0 33657236.0 13696181993472.0 0.0 15354077118464.0 33614156.0 773.5 
847488745472.0 18162228142208663372335276883968.0 0.0 0.0 834670080.0 14217106460097118208.0 51716428.0 3382.0 3377681152.0 3445575168.0 239928950205269862555291144421376.0 75570523597097327815853523075072.0 204.0 202696176.0 18162211217247188767526830997504.0 0.0 0.0 906241769472.0 13288435875840.0 958991171584.0 0.0 18990466725222576109203226624.0 71856044443804224192512.0 0.0 
211789577467453386602315776.0 18320832363269933250904064.0 13896938377848015230158061436928.0 564744377335808.0 804084.8 211834470400.0 14525209550076372987150336.0 1075629390795775148032.0 513.8 3493101568000.0 959125061632.0 865588.3 239973728817628388419922261180416.0 75570523597097327815853523075072.0 204.0 869488576.0 207585624064.0 18162235395763581060110325121024.0 0.0 0.0 3418808647680.0 3445574400.0 3269.3 266601047292892938240.0 
214931635796164214784.0 799757384602777288704.0 1078644680787738935427072.0 228700113076224.0 3310177143228315096580096.0 0.0 0.0 288307646940542523698348919095296.0 75550769749204824775138824159232.0 4836589118852839318352469950464.0 68118222665696984841584640.0 0.0 14358698268987228160.0 907401166848.0 14866181159322124288.0 13845828.0 0.1 18985713663357567811295641600.0 33674704.0 12.9 218214267343308062720.0 564692367966208.0 958973345792.0 865588.3 
3836366028800.0 0.0 1205931175181703166096834560.0 0.0 3630946844672.0 14145037870942912512.0 197.3 805.3 0.0 13.5 3360969984.0 3734581974925312.0 307005357894217110531957724282880.0 19425578593296523537857550221312.0 0.0 0.0 77778757170611966383405221806080.0 0.0 73167960749467001278844976802824192.0 17589380301848148180992.0 4617690721853756514762752.0 0.0 0.0 223.3 
812260.9 200061.1 14646626279441301504.0 0.1 3260428.2 3142.0 14363459154335498240.0 853237.2 3101904.8 211662716928.0 0.0 42028328.0 131357.2 0.0 4630804223985380483294822400.0 1088928495036551529194586112.0 914834653184.0 12.9 218214267343308062720.0 525910.8 3277802752.0 51526.3 12.5 0.0 
14072622935625957376.0 3332.1 18162226933282843757706102177792.0 0.0 0.0 1118208.0 
13845828.0 0.1 67422142524266913988608.0 1172453581314877302794878976.0 17440017000383572757819949056.0 4544198622352300009815327899648.0 18174253327336370088736079216640.0 296430632142361741846105817088.0 868774576128.0 49.3 3745993984.0 14316288868352.0 77085694505336734853096267579392.0 4801148551756471753124077371392.0 3460759552.0 958940381184.0 14316278784.0 864435503104.0 3400536061640704.0 0.0 907400708096.0 890337689600.0 222142247063630632599607322869760.0 809106787060454260736.0 
848333662615214024200028160.0 301377443259429215557518360576.0 0.0 0.0 864.0 3382.0 3377681152.0 51215672.0 0.1 4544745359054220725859588767744.0 211879460864.0 78670223905699072395350254813184.0 0.0 3361140547647984107520.0 4742272353183964794029418217472.0 14072622935625957376.0 827396672.0 812181.2 869396.2 55873237740627580420096.0 847709929472.0 13589.3 33611956.0 3545449728.0 
0.1 221999709873794789361392765894656.0 809106787060454260736.0 848333662615214024200028160.0 301377443259429215557518360576.0 0.0 8827001896960.0 0.1 0.0 14179176448.0 0.1 550564921344.0 56176928.0 33604852.0 3398.0 213269.2 0.0 3575.2 3662420901888.0 0.0 914757.1 3445574912.0 3269.3 287010150379679648331787069816832.0 
204.0 12.3 3365.3 3543703748608.0 17538491394073559040.0 11979541446656.0 0.0 50264.0 894736320.0 3284.6 216108875776.0 307005357894217110531957724282880.0 19425578593296523537857550221312.0 0.0 0.0 3835627044864.0 0.0 3575.2 3662420901888.0 0.0 229039570944.0 14718130819130458112.0 3365.3 0.0 
0.0 563778211020800.0 893.1 13930831015619592192.0 903172325376.0 19425519355931362421027989618688.0 4593641067498033838555136.0 0.0 18985713663357567811295641600.0 0.0 0.0 262214981060485185536.0 4593639338115776928284672.0 0.0 19425515729153903577140465500160.0 4593641067498033838555136.0 0.0 283831379662561345536.0 17845659223910735090286592.0 18815534923006015124140982272.0 0.0 294247777855532094575345664.0 0.0 14646909953441267712.0 
12796226.0 0.0 0.0 217349.2 19425519355931362421027989618688.0 73095820181138370929813880832.0 0.0 18057256272710291170298691584.0 19425515729153903577140465500160.0 73095820181138370929813880832.0 0.0 0.0 4822177514157213323960797626368.0 17110073398462979189506048.0 222128184838496875233047140630528.0 809106787060454260736.0 0.0 18057256272710291170298691584.0 17090016023047333872664576.0 222128184838496875233047140630528.0 828525349949905162993664.0 18177100347641562540442512261120.0 19425515729153903577140465500160.0 73095820181138370929813880832.0 
0.0 70062350784215103045632.0 13883017597035152775211319820288.0 0.0 0.0 274914058886321274880.0 17090078280808582642401280.0 796.0 847506112512.0 869422272.0 287069571501565346584982227779584.0 0.0 51538.3 50673956.0 50264.4 228989583360.0 3543705059328.0 847255633920.0 13913631744.0 287069571501565346584982227779584.0 0.0 217375856.0 49.0 959175786496.0 
865588.3 55.8 14.0 3364.3 239998564989666551361687424860160.0 0.0 4616219305783502026309632.0 307005357894217110531957724282880.0 19425578593296523537857550221312.0 0.0 0.0 0.0 14936547704476532736.0 894456576.0 789.1 847255633920.0 13913631744.0 52763004.0 853492.3 0.0 32823.2 58539300.0 206.3 14142789369664110592.0 
13845828.0 15010308442025885696.0 3268.6 19425519355931362421027989618688.0 4593641067498033838555136.0 0.0 1162691564351070208079691776.0 71428410075571394625657945194496.0 18890782451696141185955255025664.0 17663675059000972410880.0 67347211633666723676160.0 75644240531252492099739713536.0 204.0 223667696.0 201.3 17538491394073559040.0 11979541446656.0 0.0 211879460864.0 223738019840.0 13.1 19509099651396239423650475802624.0 67422142524266913988608.0 0.0 
0.0 0.0 4623738989959479825393239719936.0 2154722560.0 228991751421952.0 3310177143228315096580096.0 0.0 0.0 288307646940542523698348919095296.0 75550769749204824775138824159232.0 3488.0 827839680.0 3268.1 933406638080.0 0.1 13488931840.0 14435234173885087744.0 55.8 3492026777600.0 3124.1 131269.0 936530304.0 12.1 227948937216.0 
0.0 217056016.0 234132736.0 69094053766989253488211394560.0 16533965476309499904.0 262214981060485185536.0 262.8 55865162786495705120768.0 916429078528.0 13589.3 33611956.0 3277804288.0 903273512960.0 0.1 17244366848241089332117504.0 0.0 900426825157512028934373376.0 0.0 0.0 0.0 18151061212952061213147136.0 0.0 14752283618370855736992048611328.0 0.0 0.0 
0.0 0.0 0.1 0.0 0.0 0.1 0.0 0.0 0.1 0.0 0.0 0.1 14751351536563932857898350149632.0 0.0 0.0 0.0 0.0 0.1 0.0 4953518341482316160931922377179136.0 0.0 57624903680808023463095697408.0 0.0 0.0 
0.0 0.0 0.1 0.0 0.0 0.1 0.0 0.0 0.1 0.0 0.0 0.1 0.0 0.0 0.1 0.0 0.0 0.1 0.0 0.0 0.1 0.0 0.0 0.0 
0.0 0.0 0.1 0.0 0.0 273793735702454730752.0 0.0 0.0 306934615655929642565476079466708992.0 0.0 0.0 322511506231534125451067568454369280.0 0.0 0.0 77511705079269776169141010432.0 0.0 0.0 238136682280343176487447003104542720.0 0.0 0.0 289030853868898391103471878144.0 0.0 0.0 0.0 
0.0 12851104853294816690176.0 0.0 0.0 300089223186534689533056288613728256.0 0.0 0.0 314682496124524580667423929457967104.0 0.0 0.0 0.1 0.0 0.0 0.1 0.0 0.0 0.0 0.0 226079027455459801213423142846857216.0 0.0 0.0 55195075062368115530620884484096.0 0.1 0.0 
0.0 0.0 0.0 0.0 0.0 0.0 55195075062368115530620884484096.0 0.0 0.0 55195075062368115530620884484096.0 0.0 0.0 0.0 0.0 0.0 12851104853294816690176.0 0.0 0.0 3449692191398007220663805280256.0 0.0 0.0 52638125479095569162960896.0 0.0 0.0 
3532484803991559393959736606982144.0 0.0 0.0 51404419413179266760704.0 0.0 0.0 13798768765592028882655221121024.0 0.0 0.0 3449692191398007220663805280256.0 0.0 0.0 200798513332731510784.0 0.0 0.0 200798513332731510784.0 0.0 0.0 226079027455459801213423142846857216.0 0.0 0.0 3212776213323704172544.0 0.1 0.0 
0.0 0.0 0.0 3449692191398007220663805280256.0 0.0 0.0 261921086000427171840.0 0.0 0.0 18676417566642281602088960.0 0.0 0.0 4932283027533424569041371525021696.0 0.0 0.0 4628046883478649512682162755731456.0 0.0 0.0 18157536301102738996508242214912.0 0.0 0.0 289901204901157198194936905728.0 0.0 0.0 
289901204901157198194936905728.0 0.0 0.0 3368840030662116426429497344.0 0.1 0.0 0.0 70958197814892387368960.0 0.0 0.0 17467491747027652427382784.0 0.0 0.0 4374963821669908687433498624.0 0.0 0.0 1107636262241264730112.0 0.0 0.0 1134219532535055083634688.0 0.0 0.0 297328845136869479844331651072.0 0.0 
0.0 1153108998466533664489472.0 0.0 0.0 1144529750388683833344.0 0.0 0.0 307232365451152522043524644864.0 0.0 0.0 18449743975464538631831552.0 0.0 0.0 18449743975464538631831552.0 0.0 0.0 215605761962375451291487830016.0 0.0 0.0 13798768765592028882655221121024.0 0.0 0.0 13798768765592028882655221121024.0 0.1 
0.0 0.0 0.1 0.0 0.0 0.1 0.0 0.0 0.1 0.0 0.0 0.1 0.0 0.0 1083495814191154357862400.0 0.0 0.0 904729753868625982533367089856512.0 0.0 0.0 1193754090720662286074615420682240.0 0.0 0.0 1058223048604732358656.0 
0.0 0.0 72954756119696412508160.0 0.0 0.0 53901440490593862822871957504.0 0.0 0.0 3368840030662116426429497344.0 0.0 0.0 3368840030662116426429497344.0 0.0 0.0 3368840030662116426429497344.0 0.1 0.0 0.0 0.1 0.0 0.0 0.0 0.0 13475360122648465705717989376.0 
0.0 0.0 3532484803991559393959736606982144.0 0.0 0.0 200798513332731510784.0 0.0 0.0 3449692191398007220663805280256.0 0.0 0.0 4684448831491253756158279680.0 0.0 0.0 205617677652717067042816.0 0.0 0.0 200798513332731510784.0 0.0 0.0 205617677652717067042816.0 0.0 0.0 205617677652717067042816.0 
0.0 0.0 822470710610868268171264.0 0.0 0.0 1103412361974394205256024064.0 0.0 0.0 268548528887395088596992.0 0.0 0.0 18260022581358957166592.0 0.0 0.0 1244697799217334255147264180748288.0 0.0 0.0 4475683634608173197962510336.0 0.0 0.0 280266823060219081261056.0 0.0 0.0 1173511295198267747819464941371392.0 
0.0 0.0 18776180723172283965111439061942272.0 0.0 0.0 4157519951055256813568.0 0.0 0.0 0.1 0.0 0.0 4158328347188369817600.0 0.0 0.0 208017572429173882880.0 0.0 0.0 17223834379093553446912.0 0.0 0.0 17223834379093553446912.0 0.0 0.0 286733422870130213886361600.0 
0.0 0.0 293615025019013339019634278400.0 0.0 0.0 293615025019013339019634278400.0 0.0 0.0 1129497166052185438420992.0 0.0 0.0 279214908569529876480.0 0.0 0.0 1143246137117818770858731152343040.0 0.0 0.0 266825576363377819648.0 0.0 0.0 30478663295844971054104576.0 18524791805163558959858057216.0 18319644854120188198518784.0 0.0 0.0 0.0 4505270462832250454016.0 0.0 0.0 0.0 0.0 0.0 0.0 217056144.0 234132736.0 69094053766989253488211394560.0 16533965476309499904.0 17324899165750165504.0 
0.1 0.0 0.0 0.0 281574444976572467575435296768.0 0.0 0.0 0.0 0.0 0.0 0.0 13778026496.0 205.4 293852408937374230345236348928.0 1213763766659408896156748958662656.0 308605550137498375209799204732928.0 4505125535399445387574236938240.0 0.1 217056000.0 234132736.0 69094053766989253488211394560.0 16533965476309499904.0 17325454419122192384.0 0.1 
217056000.0 15344122986496.0 3428.6 14218798608492265472.0 3492.6 2150907136.0 14506179062155706368.0 13926059135155044352.0 72148021814845908189184.0 4747328616950188978942771200.0 17666899636334169686016.0 0.0 13778026496.0 205.4 4597168719071754638589952.0 17106198606404124672.0 3544778801152.0 14217099863027351552.0 211884982272.0 17557566045418071561076736.0 3664588856976414414638940160.0 0.0 853204.9 12.2 
76830732049980009560150735060992.0 70058937131502145137564188672.0 16460222330946191360.0 1080560166481001338523090944.0 4398783131118051786752.0 0.0 853204.9 12.2 19283816324911053276943979905024.0 18388375116695820774146048.0 69774151933260782895104.0 0.0 853204.9 12.2 76830732049980009560150735060992.0 18172772393207342167997064151040.0 302173484492755132978358489448448.0 4761072963067701699639861313536.0 0.1 217056048.0 223.3 14793567212400541696.0 55131484.0 865780.2 
0.0 13778026496.0 3277801728.0 245523097321472.0 817.3 207.3 959057035264.0 0.0 217056048.0 234132736.0 69094053766989253488211394560.0 16533965476309499904.0 17740422026150899875840.0 1030467012257527103488.0 0.1 293953618695835092581456281600.0 13778026496.0 205.4 4741252624255119854320553558016.0 70797113848271913729143078912000.0 17702676752546915154895868788736.0 18394619339564771457368064.0 16486326030015267864576.0 0.0 
0.0 18166186390170998438625280.0 69766946173856990101504.0 4624183874661098008929531592704.0 1090251864456399452427517952.0 4158384360708735238144.0 70366726565030938017792.0 0.0 217056000.0 234132736.0 69094053766989253488211394560.0 16533965476309499904.0 267327512956422399721472.0 17701731372555976514881248559104.0 18394619339564771457368064.0 16486326030015267864576.0 0.0 0.0 18166186390170998438625280.0 69766946173856990101504.0 4624183874661098008929531592704.0 1090251864456399452427517952.0 4158384360708735238144.0 70366726565030938017792.0 
0.0 18147814585995088332062720.0 0.0 2150708224.0 14506179062155706368.0 14795817912702599168.0 15010569026281668608.0 0.1 217056016.0 14290.3 3630474461184.0 810850240.0 0.0 13778026496.0 12976989184.0 3356470804480.0 14181805850624.0 223738019840.0 0.1 217056048.0 234132736.0 16868665470456360714895360.0 18467236100532433714151424.0 4531564003211815723472006087180288.0 
0.1 4630804223985380483294822400.0 1088928495036551529194586112.0 60716358397520290875434860544.0 70085391199908730503168.0 0.0 1039691158350567833600.0 1028281925632.0 217056320.0 234132736.0 69094053766989253488211394560.0 16533965476309499904.0 18985400806578077697300234240.0 0.0 840960.0 12.9 14178137088.0 0.0 0.0 0.0 8604932096.0 15585072647887650816.0 13517138.0 8603104256.0 
15585072647887650816.0 57798796771328.0 15346527371264.0 0.0 0.0 0.0 0.0 4505270462832250454016.0 0.0 0.0 0.0 0.0 0.0 840960.0 3382.0 211889192960.0 861525.9 0.0 0.0 0.0 59322309124906231864934178750464.0 0.0 0.0 0.0 
0.0 0.0 218104656.0 959258886144.0 3429.1 229106810880.0 0.0 0.0 0.0 0.0 0.0 0.0 0.0 0.0 0.0 8603886592.0 15585072647887650816.0 57798796771328.0 15346527371264.0 0.0 0.0 0.0 0.0 281574444976572467575435296768.0 
0.0 0.0 0.0 0.0 0.0 885335567368192.0 211876823040.0 15151611079357890560.0 0.0 0.0 0.0 0.0 59322309124906231864934178750464.0 0.0 0.0 0.0 0.0 0.0 218104656.0 959258886144.0 228989157376.0 15660222068622884864.0 3141.0 71441814645059281633947087273984.0 
0.0 885335567368192.0 212879261696.0 55.8 3172.4 3736093803413504.0 12701745152.0 15585072647887650816.0 3527819776.0 13357163741184.0 211821887488.0 869504960.0 847255633920.0 2179201621001568336564191232.0 0.0 0.0 301042665254725620669029023744.0 
0.0 0.0 19662871388873761410785577271296.0 0.0 0.0 864.0 13425873780736.0 827626624.0 3142.0 3561706240.0 16498607339065405397413134336.0 0.0 56952156.0 14145314947873112064.0 14179176448.0 0.1 1205931175181703166096834560.0 0.0 843058176.0 12.2 869422336.0 0.0 3272221476605181034496.0 4246525997865863479296.0 
0.0 0.0 270813803471165429121024.0 0.0 53830341899257540247552.0 854069599840214450176.0 810762240.0 211825999872.0 0.0 0.0 215029383168.0 14217106460097118208.0 13845828.0 0.1 67422142524266913988608.0 1172453581314877302794878976.0 17440017000383572757819949056.0 4544198622352300009815327899648.0 18174253327336370088736079216640.0 296430632142361741846105817088.0 868774576128.0 49.3 3745993984.0 14316288868352.0 
77085694505336734853096267579392.0 4801148551756471753124077371392.0 3460759552.0 958940381184.0 14316278784.0 864435503104.0 3400536061640704.0 0.0 907400708096.0 890337689600.0 222142247063630632599607322869760.0 809106787060454260736.0 848333662615214024200028160.0 301377443259429215557518360576.0 0.0 0.0 864.0 3382.0 3377681152.0 51215672.0 0.1 4544745359054220725859588767744.0 211879460864.0 78670223905699072395350254813184.0 
0.0 3361140547647984107520.0 4742272353183964794029418217472.0 14072622935625957376.0 827396672.0 812181.2 869396.2 55873237740627580420096.0 847709929472.0 13589.3 33611956.0 3545449728.0 0.1 221999709873794789361392765894656.0 809106787060454260736.0 848333662615214024200028160.0 301377443259429215557518360576.0 0.0 8827001896960.0 0.1 0.0 14179176448.0 0.1 550564921344.0 
56176928.0 33604852.0 3398.0 213269.2 0.0 3575.2 3662420901888.0 0.0 914757.1 3445574912.0 3269.3 287010150379679648331787069816832.0 204.0 12.3 3365.3 3543703748608.0 17538491394073559040.0 11979541446656.0 0.0 50264.0 894736320.0 3284.6 216108875776.0 307005357894217110531957724282880.0 
19425578593296523537857550221312.0 0.0 0.0 3835627044864.0 0.0 3575.2 3662420901888.0 0.0 229039570944.0 14718130819130458112.0 3365.3 0.0 0.0 563778211020800.0 893.1 13930831015619592192.0 903172325376.0 19425519355931362421027989618688.0 4593641067498033838555136.0 0.0 18985713663357567811295641600.0 0.0 0.0 262214981060485185536.0 
4593639338115776928284672.0 0.0 19425515729153903577140465500160.0 4593641067498033838555136.0 0.0 283831379662561345536.0 17845659223910735090286592.0 18815534923006015124140982272.0 0.0 294247777855532094575345664.0 0.0 14646909953441267712.0 12796226.0 0.0 0.0 217349.2 19425519355931362421027989618688.0 73095820181138370929813880832.0 0.0 18057256272710291170298691584.0 19425515729153903577140465500160.0 73095820181138370929813880832.0 0.0 0.0 
4822177514157213323960797626368.0 17110073398462979189506048.0 222128184838496875233047140630528.0 809106787060454260736.0 0.0 18057256272710291170298691584.0 17090016023047333872664576.0 222128184838496875233047140630528.0 828525349949905162993664.0 18177100347641562540442512261120.0 19425515729153903577140465500160.0 73095820181138370929813880832.0 0.0 70062350784215103045632.0 13883017597035152775211319820288.0 0.0 0.0 274914058886321274880.0 17090078280808582642401280.0 796.0 847506112512.0 869422272.0 287069571501565346584982227779584.0 0.0 
51538.3 50673956.0 50264.4 228989583360.0 3543705059328.0 847255633920.0 13913631744.0 287069571501565346584982227779584.0 0.0 217375856.0 49.0 959175786496.0 865588.3 55.8 14.0 3364.3 239998564989666551361687424860160.0 0.0 4616219305783502026309632.0 307005357894217110531957724282880.0 19425578593296523537857550221312.0 0.0 0.0 0.0 
14936547704476532736.0 894456576.0 789.1 847255633920.0 13913631744.0 52763004.0 853492.3 0.0 32823.2 58539300.0 206.3 14142789369664110592.0 13845828.0 15010308442025885696.0 3268.6 19425519355931362421027989618688.0 4593641067498033838555136.0 0.0 1162691564351070208079691776.0 71428410075571394625657945194496.0 18890782451696141185955255025664.0 17663675059000972410880.0 67347211633666723676160.0 75644240531252492099739713536.0 
204.0 223667696.0 201.3 17538491394073559040.0 11979541446656.0 0.0 211879460864.0 223738019840.0 13.1 19509099651396239423650475802624.0 67422142524266913988608.0 0.0 0.0 0.0 4623738989959479825393239719936.0 2154722560.0 228991751421952.0 3310177143228315096580096.0 0.0 0.0 288307646940542523698348919095296.0 75550769749204824775138824159232.0 3488.0 827839680.0 
3268.1 933406638080.0 0.1 13488931840.0 14435234173885087744.0 55.8 3492026777600.0 3124.1 131269.0 936530304.0 12.1 227948937216.0 0.0 217056016.0 234132736.0 69094053766989253488211394560.0 16533965476309499904.0 262214981060485185536.0 263295844971054104576.0 18524791805163558959858057216.0 18319644854120188198518784.0 0.0 0.0 0.0 
4505270462832250454016.0 0.0 0.0 0.0 0.0 0.0 0.0 217056144.0 234132736.0 69094053766989253488211394560.0 16533965476309499904.0 17324899165750165504.0 0.1 0.0 0.0 0.0 281574444976572467575435296768.0 0.0 0.0 0.0 0.0 0.0 0.0 13778026496.0 
205.4 293852408937374230345236348928.0 1213763766659408896156748958662656.0 308605550137498375209799204732928.0 4505125535399445387574236938240.0 0.1 217056000.0 234132736.0 69094053766989253488211394560.0 16533965476309499904.0 17325454419122192384.0 0.1 217056000.0 15344122986496.0 3428.6 14218798608492265472.0 3492.6 2150907136.0 14506179062155706368.0 13926059135155044352.0 72148021814845908189184.0 4747328616950188978942771200.0 17666899636334169686016.0 0.0 
13778026496.0 205.4 4597168719071754638589952.0 17106198606404124672.0 3544778801152.0 14217099863027351552.0 211884982272.0 17557566045418071561076736.0 3664588856976414414638940160.0 0.0 853204.9 12.2 76830732049980009560150735060992.0 70058937131502145137564188672.0 16460222330946191360.0 1080560166481001338523090944.0 4398783131118051786752.0 0.0 853204.9 12.2 19283816324911053276943979905024.0 18388375116695820774146048.0 69774151933260782895104.0 0.0 
853204.9 12.2 76830732049980009560150735060992.0 18172772393207342167997064151040.0 302173484492755132978358489448448.0 4761072963067701699639861313536.0 0.1 217056048.0 223.3 14793567212400541696.0 55131484.0 865780.2 0.0 13778026496.0 3277801728.0 245523097321472.0 817.3 207.3 959057035264.0 0.0 217056048.0 234132736.0 69094053766989253488211394560.0 16533965476309499904.0 
17740422026150899875840.0 1030467012257527103488.0 0.1 293953618695835092581456281600.0 13778026496.0 205.4 4741252624255119854320553558016.0 70797113848271913729143078912000.0 17702676752546915154895868788736.0 18394619339564771457368064.0 16486326030015267864576.0 0.0 0.0 18166186390170998438625280.0 69766946173856990101504.0 4624183874661098008929531592704.0 1090251864456399452427517952.0 4158384360708735238144.0 70366726565030938017792.0 0.0 217056000.0 234132736.0 69094053766989253488211394560.0 16533965476309499904.0 
267327512956422399721472.0 17701731372555976514881248559104.0 18394619339564771457368064.0 16486326030015267864576.0 0.0 0.0 18166186390170998438625280.0 69766946173856990101504.0 4624183874661098008929531592704.0 1090251864456399452427517952.0 4158384360708735238144.0 70366726565030938017792.0 0.0 18147814585995088332062720.0 0.0 2150708224.0 14506179062155706368.0 14795817912702599168.0 15010569026281668608.0 0.1 217056016.0 14290.3 3630474461184.0 810850240.0 
0.0 13778026496.0 12976989184.0 3356470804480.0 14181805850624.0 223738019840.0 0.1 217056048.0 234132736.0 16868665470456360714895360.0 18467236100532433714151424.0 4531564003211815723472006087180288.0 0.1 4630804223985380483294822400.0 1088928495036551529194586112.0 60716358397520290875434860544.0 70085391199908730503168.0 0.0 1039691158350567833600.0 1028281925632.0 217056320.0 234132736.0 69094053766989253488211394560.0 16533965476309499904.0 
18985400806578077697300234240.0 0.0 840960.0 12.9 14178137088.0 0.0 0.0 0.0 8604932096.0 15585072647887650816.0 13517138.0 8602842112.0 15585072647887650816.0 57798796771328.0 15346527371264.0 0.0 0.0 0.0 0.0 4505270462832250454016.0 0.0 0.0 0.0 0.0 
0.0 840960.0 3382.0 211889192960.0 861525.9 0.0 0.0 0.0 59322309124906231864934178750464.0 0.0 0.0 0.0 0.0 0.0 218104656.0 959258886144.0 3429.1 229106810880.0 0.0 0.0 0.0 0.0 0.0 0.0 
0.0 0.0 0.0 8603886592.0 1558